1920
1593
1011
1936
1937
1145
1293
1622
1680
1602
1667
1420
1943
1802
1826
1493
1896
1797
1995
1503
1810
1201
1839
1571
1266
1003
1191
1743
1132
1679
1147
1680
1851
1800
1570
1167
1995
1621
1333
1303
1545
1051
1835
1989
1453
1594
1271
1119
1301
1721
1999
1996
1514
1392
1375
1306
1733
1998
1106
1690
1824
1895
1712
1227
1516
1805
1149
1414
1010
1454
1281
1324
1742
1538
1900
1749
1328
1105
1592
1886
1781
1111
1031
1853
1104
1611
1622
1766
1894
1269
1874
1888
1293
1159
1447
1208
1363
1009
1209
1153
1996
1934
1723
1120
1617
1691
1816
1395
1533
1838
1339
1717
1026
1065
1785
1630
1853
1498
1121
1047
1763
1234
1540
1879
1867
1333
1971
1601
1858
1878
1915
1471
1169
1598
1785
1584
1919
1855
1903
1744
1452
1011
1380
1497
1428
1730
1626
1799
1995
1775