1223
1199
1274
1132
1140
1122
1275
1134
1252
1192
1270
1191
1246
1219
1290
1212
1227
1265
1135
1106
1221
1260
1155
1248
1103
1196
1266
1236
1168
1116
1240
1235
1169
1215
1111
1201
1154
1205
1276
1130
1233
1286
1249
1145
1284
1177
1160
1213
1271
1247
1250
1263
1174
1178
1172
1162
1170
1229
1207
1234
1151
1133
1107
1186
1282
1296
1203
1138
1200
1257
1158
1176
1243
1181
1272
1287
1259
1189
1142
1262
1128
1228
1245
1264
1251
1117
1231
1294
1141
1220
1147
1295
1211
1280
1198
1180
1114
1293
1256
1146
1255
1156
1163
1297
1298
1244
1204
1193
1217
1108
1281
1167
1184
1239
1190
1197
1269
1238
1183
1159
1206
1179
1242
1288
1105
1148
1279
1277
1208
1153
1129
1121
1125
1152
1285
1209
1137
1164
1131
1149
1278
1127
1283
1210
1161
1188
1150
1187
1126
1143
1224
1292
1194
1289
1261
1119
1202
1300
1144
1230
1115
1173
1101
1225
1299
1273
1136
1216
1182
1171
1123
1241
1226
1237
1165
1258
1253
1102
1232
1214
1104
1118
1185
1175
1291
1124
1195
1267
1254
1139
1268
1113
1109
1166
1120
1157
1222
1110
1112
1218
1233
1296
1194
1144
1181
1261
1161
1203
1243
1201
1225
1204
1219
1141
1206
1165
1236
1171
1290
1128
1136
1276
1258
1220
1169
1210
1269
1299
1235
1196
1118
1260
1221
1257
1300
1191
1124
1265
1273
1116
1180
1238
1111
1135
1117
1278
1119
1114
1154
1149
1192
1281
1129
1294
1166
1132
1142
1284
1245
1282
1231
1137
1112
1251
1121
1298
1138
1178
1167
1240
1288
1105
1159
1266
1237
1272
1102
1279
1222
1158
1226
1130
1228
1249
1246
1139
1297
1274
1123
1232
1217
1120
1127
1216
1150
1267
1113
1200
1184
1275
1147
1155
1239
1195
1173
1183
1199
1140
1212
1153
1205
1227
1104
1254
1152
1247
1108
1262
1190
1148
1280
1289
1110
1277
1295
1131
1133
1186
1283
1187
1109
1156
1230
1101
1271
1214
1172
1229
1211
1253
1256
1264
1157
1168
1202
1255
1179
1252
1134
1198
1175
1170
1209
1287
1146
1244
1182
1174
1164
1215
1143
1224
1189
1103
1208
1293
1207
1285
1218
1223
1115
1270
1188
1107
1292
1263
1162
1193
1177
1176
1185
1125
1291
1163
1242
1122
1145
1106
1248
1241
1151
1213
1197
1126
1268
1286
1250
1234
1160
1259
1152
1148
1256
1108
1160
1245
1300
1220
1140
1109
1292
1123
1175
1232
1102
1119
1218
1219
1293
1206
1188
1294
1230
1299
1242
1164
1125
1284
1278
1161
1173
1297
1167
1229
1260
1285
1185
1270
1217
1142
1187
1135
1247
1169
1141
1199
1244
1204
1124
1171
1259
1126
1174
1137
1205
1290
1110
1157
1118
1273
1257
1165
1145
1241
1194
1250
1223
1269
1150
1264
1237
1252
1266
1221
1286
1113
1196
1101
1122
1258
1154
1179
1262
1275
1127
1255
1248
1222
1190
1129
1191
1155
1153
1104
1159
1163
1209
1236
1298
1296
1281
1131
1240
1215
1233
1128
1234
1111
1117
1291
1202
1213
1211
1178
1176
1201
1243
1283
1103
1149
1189
1166
1120
1200
1225
1183
1133
1107
1210
1180
1208
1212
1181
1112
1192
1195
1143
1274
1238
1138
1147
1136
1295
1182
1177
1253
1249
1139
1105
1231
1106
1254
1186
1115
1214
1162
1251
1168
1239
1287
1246
1268