123
99
174
32
40
22
175
34
152
92
170
91
146
119
190
112
127
165
35
6
121
160
55
148
3
96
166
136
68
16
140
135
69
115
11
101
54
105
176
30
133
186
149
45
184
77
60
113
171
147
150
163
74
78
72
62
70
129
107
134
51
33
7
86
182
196
103
38
100
157
58
76
143
81
172
187
159
89
42
162
28
128
145
164
151
17
131
194
41
120
47
195
111
180
98
80
14
193
156
46
155
56
63
197
198
144
104
93
117
8
181
67
84
139
90
97
169
138
83
59
106
79
142
188
5
48
179
177
108
53
29
21
25
52
185
109
37
64
31
49
178
27
183
110
61
88
50
87
26
43
124
192
94
189
161
19
102
200
44
130
15
73
1
125
199
173
36
116
82
71
23
141
126
137
65
158
153
2
132
114
4
18
85
75
191
24
95
167
154
39
168
13
9
66
20
57
122
10
12
118
133
196
94
44
81
161
61
103
143
101
125
104
119
41
106
65
136
71
190
28
36
176
158
120
69
110
169
199
135
96
18
160
121
157
200
91
24
165
173
16
80
138
11
35
17
178
19
14
54
49
92
181
29
194
66
32
42
184
145
182
131
37
12
151
21
198
38
78
67
140
188
5
59
166
137
172
2
179
122
58
126
30
128
149
146
39
197
174
23
132
117
20
27
116
50
167
13
100
84
175
47
55
139
95
73
83
99
40
112
53
105
127
4
154
52
147
8
162
90
48
180
189
10
177
195
31
33
86
183
87
9
56
130
1
171
114
72
129
111
153
156
164
57
68
102
155
79
152
34
98
75
70
109
187
46
144
82
74
64
115
43
124
89
3
108
193
107
185
118
123
15
170
88
7
192
163
62
93
77
76
85
25
191
63
142
22
45
6
148
141
51
113
97
26
168
186
150
134
60
159
52
48
156
8
60
145
200
120
40
9
192
23
75
132
2
19
118
119
193
106
88
194
130
199
142
64
25
184
178
61
73
197
67
129
160
185
85
170
117
42
87
35
147
69
41
99
144
104
24
71
159
26
74
37
105
190
10
57
18
173
157
65
45
141
94
150
123
169
50
164
137
152
166
121
186
13
96
1
22
158
54
79
162
175
27
155
148
122
90
29
91
55
53
4
59
63
109
136
198
196
181
31
140
115
133
28
134
11
17
191
102
113
111
78
76
101
143
183
3
49
89
66
20
100
125
83
33
7
110
80
108
112
81
12
92
95
43
174
138
38
47
36
195
82
77
153
149
39
5
131
6
154
86
15
114
62
151
68
139
187
146
168